version https://git-lfs.github.com/spec/v1
oid sha256:63607bab2cad6b3f4cca74b41c37ba3b513f3a0808e5be81e160c3489cd63be5
size 381
