version https://git-lfs.github.com/spec/v1
oid sha256:227f38748d98cfa2a1922c5fbebb6fd6bd76616e9bca78687e951eee7abb5377
size 610
